tensor([[[[ 3.3619e-01,  3.5398e-01,  2.9952e-01,  3.6463e-01,  4.8646e-01,
            4.2308e-01,  5.1742e-01,  4.0971e-01,  3.3199e-01,  3.8693e-01,
            4.5862e-01,  4.6803e-01,  3.1591e-01],
          [ 3.9329e-02,  4.0492e-01,  4.6310e-01,  6.5085e-01,  1.2011e+00,
            9.4364e-01,  6.0147e-01,  9.9732e-01,  1.1892e+00,  7.4736e-01,
            1.4101e-01,  3.0956e-01,  1.8273e-01],
          [ 1.6602e-01,  7.1963e-01,  6.2288e-01,  8.9771e-01,  5.2522e-01,
            3.9106e-01,  7.5804e-01,  9.4289e-01,  1.4687e+00,  1.6847e+00,
            1.3007e+00,  8.1138e-01,  3.8811e-01],
          [-2.0866e-01,  3.5893e-01, -3.0964e-01, -9.2066e-01, -6.3852e-01,
           -6.0298e-01, -4.0881e-02, -6.2353e-02,  1.8060e-01,  5.6870e-01,
            1.0631e+00,  6.5797e-01,  1.3511e-01],
          [-6.7151e-03,  2.5450e-01,  4.3385e-01,  1.2433e-01,  6.1103e-01,
            9.3819e-01,  7.4716e-01,  1.2288e-01,  5.7701e-01,  6.7768e-01,
            8.1579e-01,  4.2472e-01,  7.9997e-02],
          [ 7.2558e-02,  4.3087e-01,  6.1912e-01,  8.2834e-01,  1.0404e+00,
            1.0639e+00,  1.2117e+00,  1.1626e+00,  6.7281e-01, -1.5163e-01,
           -3.6183e-01,  1.8699e-01,  1.4008e-01],
          [ 5.4862e-02,  5.6026e-01,  8.0489e-01,  9.5601e-01,  1.0922e+00,
            4.8037e-01, -1.9540e-01, -4.1484e-01, -7.8813e-01, -9.1190e-01,
           -5.8482e-01,  5.2139e-01,  4.5074e-01],
          [-2.5201e-01, -1.7976e-02, -1.5912e-01,  3.7269e-01,  7.2064e-01,
            9.4651e-01,  6.5863e-01,  3.0011e-01, -7.2899e-02, -4.9115e-02,
            2.7378e-01,  4.8263e-01,  4.0042e-01],
          [-4.8313e-01, -9.8114e-02, -6.5545e-02, -6.5384e-02, -5.0858e-01,
           -3.8555e-01,  1.3871e-01,  5.6177e-01,  2.3226e-01,  2.2908e-02,
            6.0101e-01,  6.1243e-01,  4.0060e-01],
          [-4.2847e-01,  1.0495e-01, -4.9061e-02, -4.6612e-01, -3.8443e-01,
           -1.6313e-01, -1.9291e-01, -7.6058e-02, -3.2775e-02, -2.9979e-02,
            2.4073e-01,  3.8172e-01, -9.9942e-02],
          [-1.8294e-01,  4.2222e-01,  2.6045e-01,  4.5083e-01,  5.5058e-01,
            5.0902e-01, -1.1521e-01, -6.1621e-01, -5.0742e-01, -1.9564e-01,
            7.7088e-03,  2.2456e-02, -1.2726e-01],
          [ 1.1965e-01,  4.8443e-01,  2.5643e-01, -8.5142e-02, -2.7258e-01,
           -5.6253e-01, -3.8130e-01, -5.0541e-01, -4.5238e-01, -1.0884e-01,
           -2.9694e-02,  1.3191e-01,  2.4746e-01],
          [-2.2254e-01, -4.1855e-01, -3.3328e-01, -1.4032e-01,  1.5280e-01,
            1.2445e-01, -1.0075e-01, -1.5546e-01, -1.7981e-01, -6.3920e-02,
           -1.3146e-01, -1.8785e-01,  2.1451e-01]],

         [[ 5.9208e-01,  2.3425e-01,  3.1554e-02, -2.5996e-01, -4.9175e-01,
           -4.6595e-01, -5.0664e-01, -5.9555e-01, -4.5459e-01,  7.2598e-02,
            1.3867e-01,  1.6737e-01, -5.6638e-02],
          [ 9.3348e-01,  4.4588e-01,  8.3523e-01,  4.8314e-01,  3.6359e-01,
            1.0453e-02, -6.4219e-03, -4.5225e-01,  1.5340e-01, -1.1196e-01,
           -2.8991e-01,  3.2176e-01,  9.5487e-02],
          [ 1.2935e+00,  1.6090e-01,  9.4670e-01,  2.0020e-01, -3.3592e-01,
           -1.1404e+00, -6.4963e-02, -5.8469e-01,  3.3691e-01, -7.3890e-01,
           -1.2422e+00, -1.2475e-01,  2.3812e-02],
          [ 1.7239e+00,  9.7729e-02,  7.2052e-01, -4.1228e-02, -4.7804e-01,
           -8.8306e-01,  5.9528e-02, -7.9736e-01,  2.0737e-01, -5.0138e-01,
           -2.1455e+00, -5.8185e-01, -1.0480e-01],
          [ 1.3743e+00, -2.6113e-01,  6.6065e-01, -2.8934e-01, -6.6196e-01,
           -1.5397e+00, -4.3858e-01, -6.3191e-01,  2.2843e-01, -3.3730e-01,
           -2.5697e+00, -1.0914e+00, -2.2535e-01],
          [ 1.4104e+00,  5.2302e-04,  3.8160e-01, -4.3636e-01, -1.7128e-01,
           -1.5334e+00, -9.0793e-01, -1.1842e+00, -2.3067e-01, -5.5285e-01,
           -2.4512e+00, -1.3733e+00, -2.3188e-01],
          [ 1.4853e+00, -1.6147e-01, -1.1235e-01, -4.9636e-01, -4.0747e-01,
           -1.6095e+00, -1.2611e+00, -1.4633e+00, -1.1588e+00, -1.3220e+00,
           -1.8738e+00, -9.3501e-01, -4.5270e-01],
          [ 1.3133e+00, -1.7847e-01, -1.7036e-02, -1.0324e-01,  3.6872e-02,
           -1.0650e+00, -1.1008e+00, -1.5415e+00, -1.0976e+00, -1.0026e+00,
           -1.0630e+00, -3.7812e-01, -1.0103e+00],
          [ 1.0413e+00, -3.5317e-01,  4.3707e-01,  7.0636e-01,  6.1638e-01,
            2.5285e-01,  4.1718e-02,  2.4498e-01, -1.4211e-02, -4.1142e-01,
           -8.7422e-02,  4.6708e-01, -1.1968e+00],
          [ 9.5929e-01,  7.9992e-03,  7.8441e-01,  8.3496e-01,  9.0177e-01,
            7.9800e-01,  5.6539e-01,  4.0905e-01, -8.1039e-02, -1.0004e-01,
            3.5106e-01,  7.7165e-01, -1.5563e+00],
          [ 6.9147e-01,  2.2339e-01,  6.4527e-01,  8.4058e-01,  9.8079e-01,
            6.5288e-01,  5.0016e-01,  7.4505e-01, -1.2567e-01, -3.2021e-01,
            6.2882e-01,  6.8555e-01, -1.2629e+00],
          [ 5.1109e-01,  2.9408e-01,  1.6313e-01,  2.5805e-01,  7.4908e-01,
            5.6017e-01,  3.9006e-01,  4.8542e-01, -3.3368e-02, -3.6210e-01,
           -9.0533e-02,  8.1318e-02, -5.4580e-01],
          [ 3.6967e-01,  2.3115e-01, -3.6422e-01,  8.7716e-02,  4.6048e-02,
           -8.5309e-02,  2.0174e-02,  1.1943e-01, -4.5064e-01, -6.5475e-01,
           -3.5707e-01, -1.4837e-01, -4.6472e-02]],

         [[ 1.7005e-01,  1.0683e-01,  1.5660e-01,  2.8845e-01,  3.3027e-01,
            2.0878e-01,  1.9271e-01,  2.7593e-01,  3.6315e-01,  2.6209e-01,
            1.1712e-01,  1.8436e-01,  2.6845e-01],
          [ 4.0136e-01,  3.3216e-01,  2.5563e-01,  2.9102e-01,  2.2305e-01,
            1.4720e-01,  1.5427e-01,  2.7237e-01,  4.4579e-01,  4.2771e-01,
            3.1912e-01,  4.8718e-01,  5.5933e-01],
          [ 5.0556e-01,  2.2011e-01,  1.5796e-02, -2.5268e-02, -2.8042e-01,
           -2.3052e-01, -5.9170e-02, -4.5120e-02,  1.0984e-01,  2.5019e-01,
            2.9464e-01,  4.3898e-01,  6.9678e-01],
          [ 4.0644e-01,  1.6083e-01,  1.8172e-01,  1.9779e-01,  2.7113e-01,
            2.3549e-02, -1.1893e-02,  6.2202e-02,  3.2938e-01,  5.9006e-01,
            5.8883e-01,  4.3336e-01,  7.4457e-01],
          [ 6.2202e-01,  3.6152e-01,  3.0666e-01,  4.8891e-01,  3.6702e-01,
            2.7373e-01,  2.2024e-01,  2.1711e-01,  3.0453e-01,  3.9238e-01,
            3.9803e-01,  2.7898e-01,  7.5126e-01],
          [ 7.0951e-01,  5.5301e-01,  1.6205e-01,  2.5268e-01,  1.9594e-01,
           -4.4307e-03,  3.6718e-02, -6.7526e-02,  1.8572e-02,  1.9754e-01,
            4.7554e-01,  3.8200e-01,  7.7247e-01],
          [ 6.9267e-01,  2.6756e-01,  2.1033e-02,  1.0820e-01,  4.1238e-02,
           -9.9406e-02, -1.1180e-01, -8.3219e-02,  9.7845e-02,  2.4874e-01,
            5.6848e-01,  5.6710e-01,  9.2712e-01],
          [ 6.3565e-01,  2.7727e-01,  1.1449e-03,  1.7965e-01,  1.1295e-01,
           -7.2075e-02, -1.9291e-01, -1.8205e-01,  1.3647e-01,  4.4865e-01,
            6.0749e-01,  7.5573e-01,  9.9694e-01],
          [ 3.4270e-01,  1.4338e-02, -7.1873e-03,  1.2166e-01,  2.0200e-01,
            1.9405e-01,  2.8251e-01,  3.3819e-01,  5.4726e-01,  5.9063e-01,
            5.7283e-01,  7.9776e-01,  8.8661e-01],
          [ 4.8805e-01,  2.6693e-01,  1.5149e-01,  3.0288e-01,  2.7830e-01,
            3.2605e-01,  4.5422e-01,  4.7481e-01,  5.8698e-01,  5.7914e-01,
            5.6972e-01,  6.5508e-01,  7.9926e-01],
          [ 5.6569e-01,  2.2109e-01, -1.1339e-01,  4.5135e-02,  4.2940e-03,
           -8.7453e-02,  1.3155e-02,  6.3780e-02,  1.5475e-01,  1.7748e-01,
            1.8208e-01,  3.2269e-01,  5.8509e-01],
          [ 4.2025e-01,  2.1815e-01,  1.1131e-01,  1.1361e-01,  9.1251e-02,
           -6.1865e-02, -2.8107e-02,  6.0441e-02, -1.4008e-02, -7.6107e-02,
            1.3383e-01,  2.8630e-01,  5.0666e-01],
          [ 2.1412e-01,  1.0099e-01,  1.4793e-01,  2.7977e-01,  2.7263e-01,
            2.3148e-01,  2.2481e-01,  3.3105e-01,  3.1850e-01,  2.4890e-01,
            2.7950e-01,  3.0339e-01,  3.7411e-01]],

         [[-1.6113e-01, -2.9257e-03,  1.2554e-01,  7.9966e-02,  7.4485e-03,
            4.4558e-02,  1.4615e-01,  1.7665e-01,  9.7289e-03,  1.1847e-01,
            1.1779e-01, -8.1658e-02, -4.9886e-01],
          [-1.4436e-01,  5.3606e-02, -2.0203e-02, -3.1739e-02,  8.9948e-02,
            6.0973e-02,  2.1173e-01,  1.7497e-01,  1.9861e-02,  7.6629e-02,
            7.8982e-02, -2.3285e-01, -5.8462e-01],
          [-2.7435e-01,  7.8165e-02,  6.7247e-02,  2.9129e-01,  6.3988e-01,
            5.6567e-01,  4.7578e-01,  3.4316e-01,  2.0477e-01,  1.6982e-01,
            2.5856e-02, -1.6022e-01, -6.9703e-01],
          [-1.9205e-01,  5.0739e-02,  3.5537e-02,  5.8879e-04,  2.6005e-01,
            3.7509e-01,  2.3173e-01,  2.4514e-01,  1.6757e-01,  3.3759e-03,
           -1.4354e-01, -1.4662e-01, -6.9149e-01],
          [-2.4710e-01,  4.6888e-02, -7.0234e-02, -1.3582e-01,  8.2782e-03,
            1.1368e-01,  7.7774e-03,  1.2707e-01,  2.0453e-01,  4.0594e-02,
           -1.6108e-01, -1.1120e-01, -6.9642e-01],
          [-3.6702e-01, -1.7798e-01,  7.0631e-03,  3.1221e-02,  8.2637e-02,
            3.5848e-01,  2.2678e-01,  2.5106e-01,  2.4792e-01,  6.9454e-02,
           -2.5213e-01, -2.0518e-01, -6.4480e-01],
          [-3.7868e-01, -1.6660e-03,  1.7272e-01,  1.9021e-01,  1.8083e-01,
            3.1688e-01,  2.1353e-01,  1.4532e-01,  1.3440e-01,  1.7738e-01,
           -1.7998e-01, -1.2869e-01, -5.9520e-01],
          [-5.5560e-01, -5.6131e-02,  6.2716e-02,  1.5113e-01,  3.7815e-01,
            3.7701e-01,  1.9381e-01,  1.1910e-01,  1.4894e-01,  8.1575e-02,
           -5.4233e-02, -1.0770e-01, -5.8027e-01],
          [-4.9941e-01, -1.5696e-01,  5.1221e-02,  1.5467e-01,  3.6991e-01,
            5.2512e-01,  3.1237e-01,  2.4848e-01,  3.4230e-01,  2.8745e-01,
            1.6343e-01, -1.0035e-02, -4.9124e-01],
          [-5.1906e-01, -2.5946e-01, -1.0454e-01,  4.1736e-02,  2.2961e-01,
            4.0298e-01,  3.8554e-01,  3.1731e-01,  4.2145e-01,  2.6638e-01,
            2.3069e-01,  1.1879e-01, -3.3793e-01],
          [-5.3372e-01, -1.6979e-01, -9.3506e-05,  1.5412e-01,  3.6493e-01,
            4.2108e-01,  4.3508e-01,  3.9439e-01,  4.0273e-01,  3.6166e-01,
            3.1788e-01,  2.0701e-01, -3.3361e-01],
          [-3.3360e-01, -4.7716e-02, -1.3786e-01, -3.0399e-02,  1.4868e-01,
            2.1000e-01,  1.2351e-01,  5.1419e-02,  8.0465e-02,  1.1227e-01,
            6.8490e-02,  8.1563e-02, -4.9907e-01],
          [-2.2084e-01,  7.6614e-02,  1.6195e-01,  9.3693e-02,  5.5559e-02,
            5.5554e-02,  1.8470e-01,  1.0048e-01,  4.8932e-02,  7.3892e-02,
           -4.8477e-03, -9.9338e-02, -4.5110e-01]],

         [[-1.3455e+01, -1.5950e+01, -1.5179e+01, -1.4638e+01, -1.5011e+01,
           -1.4108e+01, -1.4456e+01, -1.4970e+01, -1.5487e+01, -1.4577e+01,
           -1.3256e+01, -1.3698e+01, -1.1586e+01],
          [-1.2480e+01, -1.5852e+01, -1.6820e+01, -1.6823e+01, -1.5594e+01,
           -1.6056e+01, -1.5435e+01, -1.5830e+01, -1.7656e+01, -1.6649e+01,
           -1.6265e+01, -1.5545e+01, -1.2870e+01],
          [-1.2223e+01, -1.3957e+01, -1.1584e+01, -9.6058e+00, -1.0584e+01,
           -1.5586e+01, -1.7617e+01, -1.4188e+01, -1.4594e+01, -1.5708e+01,
           -1.8231e+01, -1.6404e+01, -1.3113e+01],
          [-1.3203e+01, -1.3452e+01, -1.1219e+01, -1.0027e+01, -1.5992e+01,
           -1.9392e+01, -1.8496e+01, -1.4607e+01, -1.3354e+01, -1.2655e+01,
           -1.4661e+01, -1.5280e+01, -1.2238e+01],
          [-1.1997e+01, -1.3012e+01, -1.2653e+01, -1.1115e+01, -1.3379e+01,
           -1.8785e+01, -1.6912e+01, -1.6985e+01, -1.4773e+01, -1.1347e+01,
           -1.1226e+01, -1.3515e+01, -1.2061e+01],
          [-1.2159e+01, -1.0890e+01, -1.1704e+01, -1.1111e+01, -1.3988e+01,
           -1.5756e+01, -1.5728e+01, -1.5412e+01, -1.2669e+01, -9.1225e+00,
           -9.1911e+00, -1.2792e+01, -1.2502e+01],
          [-1.2575e+01, -1.1588e+01, -1.1016e+01, -1.0228e+01, -8.2205e+00,
           -1.1791e+01, -1.3243e+01, -1.4516e+01, -1.2512e+01, -9.5323e+00,
           -1.1212e+01, -1.3970e+01, -1.3799e+01],
          [-1.2775e+01, -1.2964e+01, -1.0698e+01, -8.0647e+00, -7.0196e+00,
           -9.5103e+00, -1.2310e+01, -1.4363e+01, -1.4466e+01, -1.0788e+01,
           -1.2987e+01, -1.3090e+01, -1.1846e+01],
          [-1.3852e+01, -1.2464e+01, -9.5253e+00, -8.1726e+00, -7.1702e+00,
           -9.2472e+00, -9.7344e+00, -9.6073e+00, -1.0409e+01, -1.2219e+01,
           -1.4694e+01, -1.3816e+01, -1.1332e+01],
          [-1.3250e+01, -1.3207e+01, -1.0664e+01, -1.3284e+01, -1.2340e+01,
           -9.8266e+00, -9.0892e+00, -7.7938e+00, -1.0125e+01, -1.3836e+01,
           -1.4948e+01, -1.2101e+01, -1.1705e+01],
          [-1.1643e+01, -1.3725e+01, -1.2916e+01, -1.5409e+01, -1.4986e+01,
           -1.2695e+01, -1.3030e+01, -1.2497e+01, -1.3593e+01, -1.7500e+01,
           -1.7272e+01, -1.4867e+01, -1.2897e+01],
          [-1.2144e+01, -1.4155e+01, -1.5636e+01, -1.7209e+01, -1.4966e+01,
           -1.2707e+01, -1.3937e+01, -1.5737e+01, -1.5194e+01, -1.6979e+01,
           -1.7737e+01, -1.5191e+01, -1.3061e+01],
          [-1.1605e+01, -1.4241e+01, -1.5256e+01, -1.5290e+01, -1.3802e+01,
           -1.3516e+01, -1.4481e+01, -1.4296e+01, -1.4011e+01, -1.4908e+01,
           -1.5304e+01, -1.3361e+01, -1.0761e+01]],

         [[ 3.2915e+00,  3.1826e+00,  3.1260e+00,  3.2773e+00,  3.2989e+00,
            3.1551e+00,  3.2111e+00,  3.2313e+00,  3.6688e+00,  3.5190e+00,
            3.3975e+00,  3.2425e+00,  3.4002e+00],
          [ 3.0570e+00,  3.1133e+00,  3.6372e+00,  3.8876e+00,  3.8645e+00,
            4.2751e+00,  4.0091e+00,  3.8473e+00,  4.5800e+00,  4.5746e+00,
            4.0029e+00,  3.6356e+00,  3.6993e+00],
          [ 3.8887e+00,  3.3397e+00,  3.9742e+00,  5.1860e+00,  6.4512e+00,
            6.4579e+00,  6.7642e+00,  6.2254e+00,  7.5901e+00,  7.2751e+00,
            6.4109e+00,  5.0914e+00,  4.6257e+00],
          [ 4.3666e+00,  4.1367e+00,  4.7174e+00,  5.8292e+00,  7.3304e+00,
            7.2195e+00,  7.3224e+00,  7.3489e+00,  9.0729e+00,  8.3741e+00,
            7.0756e+00,  5.2701e+00,  4.7956e+00],
          [ 4.4775e+00,  4.4002e+00,  4.6117e+00,  5.1760e+00,  6.4040e+00,
            7.2709e+00,  7.6508e+00,  8.1611e+00,  9.7354e+00,  9.2164e+00,
            8.0499e+00,  5.3840e+00,  4.6936e+00],
          [ 4.3174e+00,  3.9366e+00,  4.6395e+00,  5.2377e+00,  7.6744e+00,
            8.5440e+00,  1.0173e+01,  1.0480e+01,  1.1049e+01,  9.4529e+00,
            7.6905e+00,  4.9933e+00,  4.5844e+00],
          [ 4.9650e+00,  4.5614e+00,  5.3396e+00,  5.7103e+00,  6.5847e+00,
            8.9725e+00,  1.0266e+01,  1.1558e+01,  1.0867e+01,  8.4667e+00,
            6.6548e+00,  5.1273e+00,  4.7868e+00],
          [ 5.3805e+00,  4.7606e+00,  4.9607e+00,  5.7760e+00,  7.3582e+00,
            8.4614e+00,  9.9140e+00,  9.9240e+00,  9.7232e+00,  6.6220e+00,
            5.4122e+00,  5.3492e+00,  5.1646e+00],
          [ 5.5069e+00,  4.7264e+00,  4.3510e+00,  5.0033e+00,  5.9347e+00,
            7.0970e+00,  7.3224e+00,  7.3210e+00,  7.2184e+00,  5.9603e+00,
            5.2380e+00,  5.1819e+00,  5.3295e+00],
          [ 5.2481e+00,  4.3578e+00,  3.8179e+00,  4.7717e+00,  5.0371e+00,
            6.0331e+00,  5.4674e+00,  5.5547e+00,  6.6386e+00,  5.6749e+00,
            5.2717e+00,  5.3046e+00,  5.9864e+00],
          [ 4.4660e+00,  3.8813e+00,  4.0340e+00,  4.3848e+00,  4.2156e+00,
            4.4568e+00,  4.8219e+00,  5.0158e+00,  5.4705e+00,  5.7395e+00,
            5.6360e+00,  5.9044e+00,  5.8039e+00],
          [ 3.6098e+00,  3.6124e+00,  3.9087e+00,  4.0405e+00,  3.7205e+00,
            3.8437e+00,  4.0859e+00,  4.3084e+00,  4.3289e+00,  5.1085e+00,
            5.2646e+00,  5.1095e+00,  4.4562e+00],
          [ 3.1414e+00,  3.2007e+00,  3.1170e+00,  3.0571e+00,  3.1267e+00,
            3.1368e+00,  3.1153e+00,  2.9222e+00,  3.0744e+00,  3.2595e+00,
            3.2787e+00,  3.0321e+00,  3.1043e+00]],

         [[ 2.7530e-01,  2.7872e-01, -6.5065e-02,  1.8427e-01, -1.4858e-01,
           -1.4186e-01, -1.6870e-01, -9.3184e-02, -2.5260e-01, -2.9331e-01,
           -9.2268e-02,  1.7921e-01,  2.8475e-01],
          [ 1.0595e-02,  3.6546e-01, -1.6451e-01, -1.8406e-01, -5.0280e-01,
           -3.8092e-01, -4.8003e-01, -3.3867e-01, -6.1376e-01, -6.1611e-01,
           -8.9840e-01, -3.4109e-01,  1.2598e-01],
          [-3.5494e-02,  4.9658e-01,  2.7087e-01,  5.2176e-01,  3.0011e-01,
            2.5206e-02,  4.4211e-01,  1.0243e+00,  1.7519e+00,  1.6703e+00,
            8.8740e-01,  5.1390e-01,  4.2913e-01],
          [ 4.4165e-02,  4.3353e-01, -5.2533e-02, -2.8192e-01, -4.5130e-01,
           -6.6851e-01, -4.1319e-01,  7.2526e-02,  8.4523e-01,  1.0243e+00,
            8.9559e-01,  4.3174e-01,  3.1501e-01],
          [ 1.2706e-01,  3.2752e-01, -2.6747e-01, -4.3513e-01, -2.6704e-01,
           -9.0941e-02, -2.3820e-02, -3.0788e-01,  2.6836e-01,  2.9726e-01,
            4.7461e-01,  1.1840e-01,  2.5822e-01],
          [ 7.7350e-02,  5.1178e-01, -2.0812e-02,  1.2686e-01,  1.0330e-01,
            7.5157e-02, -3.8733e-01, -6.2958e-01, -4.4904e-01, -6.0354e-01,
           -1.8162e-01,  1.3693e-01,  1.3897e-01],
          [-7.5478e-02,  1.8990e-01, -3.1619e-01,  3.4821e-01,  7.4188e-01,
            5.3174e-01, -4.9677e-01, -1.3246e+00, -1.8066e+00, -1.5378e+00,
           -6.1389e-01,  3.1198e-01,  1.7877e-01],
          [-6.4114e-01, -6.3990e-01, -5.6712e-01,  2.3298e-01,  1.0486e+00,
            1.5458e+00,  1.0841e+00,  2.8825e-01, -7.9610e-01, -1.0733e+00,
           -4.5504e-01,  3.7192e-01,  1.4664e-01],
          [-3.7824e-01, -4.7052e-01, -6.9529e-01, -8.6261e-01, -5.5145e-01,
            3.1093e-01,  1.6226e+00,  1.8305e+00,  7.1048e-01, -1.2920e-01,
            5.0030e-02, -9.0992e-02, -3.0243e-01],
          [-2.7328e-01, -2.8391e-01, -1.0309e+00, -1.5498e+00, -1.4215e+00,
           -9.2233e-01, -7.0713e-01, -6.4149e-01, -1.0029e+00, -1.0966e+00,
           -8.8199e-01, -5.2801e-01, -4.1596e-01],
          [-1.4972e-01, -1.2974e-01, -8.4075e-01, -8.2891e-01, -9.4008e-01,
           -1.2953e+00, -1.8941e+00, -2.4120e+00, -2.6245e+00, -2.3667e+00,
           -1.7711e+00, -1.4128e+00, -8.4158e-01],
          [ 5.7351e-01,  8.8082e-01,  5.9565e-01,  6.1209e-01,  4.7283e-01,
            1.9434e-01,  1.3377e-01,  1.1926e-01, -7.5267e-02, -2.6554e-01,
           -3.8767e-01, -4.2082e-01, -1.1738e-01],
          [-3.6628e-02,  1.0914e-01, -5.6132e-02,  2.8300e-01,  3.9130e-01,
            3.1768e-01,  6.6004e-03, -5.4299e-02, -3.5626e-01, -1.6977e-01,
           -3.1141e-01, -1.4723e-01,  1.9337e-01]],

         [[ 7.7169e-01,  8.7188e-01,  5.5026e-01, -3.9375e-01, -5.1084e-01,
           -4.7098e-01, -4.3324e-01, -7.5001e-01, -4.9985e-01,  1.6517e-01,
           -1.2226e-01, -6.0823e-01, -3.3945e-01],
          [ 9.2988e-01,  9.4018e-01,  6.7035e-01,  7.4944e-02, -1.0180e-01,
            1.1817e-02, -5.2416e-01, -7.7787e-01, -7.8014e-01, -4.1102e-01,
           -8.3990e-01, -8.8315e-01, -6.5357e-01],
          [ 1.1577e+00,  1.0643e+00,  9.3995e-01,  4.8269e-01, -1.8963e-01,
           -7.3522e-02, -4.2793e-01, -8.0544e-01, -7.4741e-01, -7.7134e-01,
           -1.2478e+00, -7.0801e-01, -6.4983e-01],
          [ 1.3439e+00,  9.5966e-01,  7.1460e-01,  7.3340e-03, -1.5475e-01,
            9.4099e-02, -4.1425e-01, -7.0396e-01, -7.1183e-01, -1.2182e+00,
           -2.0150e+00, -9.4464e-01, -6.8699e-01],
          [ 1.2276e+00,  6.1747e-01,  6.9116e-01, -3.3110e-01, -4.3739e-01,
           -2.4714e-01, -1.9103e-01, -8.4628e-02, -4.4073e-01, -1.6840e+00,
           -2.6707e+00, -1.0665e+00, -6.1914e-01],
          [ 1.2766e+00,  3.9318e-01,  2.7342e-01, -1.0874e-01, -4.0234e-02,
           -3.6216e-01, -3.0326e-01, -2.5274e-01, -4.8920e-01, -1.8342e+00,
           -2.4090e+00, -9.8686e-01, -5.9245e-01],
          [ 1.3876e+00,  3.8152e-01,  1.7372e-01,  1.0535e-01, -9.1737e-02,
           -3.4969e-01, -8.5959e-01, -5.3580e-01, -4.2811e-01, -1.2184e+00,
           -1.6960e+00, -8.1148e-01, -9.2694e-01],
          [ 1.5445e+00,  9.4071e-01,  3.6637e-01,  4.0856e-01,  5.5736e-01,
            5.9970e-02, -6.1324e-01, -6.4160e-01, -4.0346e-01, -4.3674e-01,
           -8.3829e-01, -7.3646e-01, -1.4598e+00],
          [ 1.5227e+00,  1.0821e+00,  6.2952e-01,  9.2151e-01,  1.5576e+00,
            1.0166e+00,  3.8464e-01,  2.7626e-01, -5.9328e-01, -7.7006e-02,
           -1.5740e-01, -5.3713e-01, -1.8200e+00],
          [ 1.4171e+00,  1.1981e+00,  7.5475e-01,  1.0315e+00,  1.3880e+00,
            1.2250e+00,  5.4320e-01,  3.7180e-01, -5.0172e-01, -2.6858e-01,
           -1.0688e-01, -5.2949e-01, -2.1259e+00],
          [ 1.0741e+00,  7.4472e-01,  7.6137e-01,  1.1156e+00,  9.3654e-01,
            8.0002e-01,  3.9605e-01,  4.4178e-01, -4.0792e-01, -4.0323e-01,
           -4.9283e-02, -4.6310e-01, -1.8716e+00],
          [ 6.5830e-01,  3.1042e-01,  1.3174e-01,  2.3951e-01,  3.6600e-01,
            1.5419e-01, -2.6492e-01, -3.1672e-01, -7.6484e-01, -5.0739e-01,
           -7.2679e-01, -7.4609e-01, -1.4012e+00],
          [ 7.8999e-01,  6.5279e-01,  7.0640e-01,  6.6182e-01,  5.6291e-01,
            4.6999e-01,  2.7526e-01,  2.6962e-02, -3.0901e-01, -2.6144e-01,
           -3.3658e-01, -5.1006e-01, -3.8561e-01]],

         [[ 4.1116e-01,  3.7093e-01,  2.6889e-01,  3.3697e-01,  4.3142e-01,
            4.1166e-01,  4.3175e-01,  3.3933e-01,  4.3251e-01,  3.8226e-01,
            3.8245e-01,  3.9801e-01,  4.7644e-01],
          [ 3.6988e-01,  3.0869e-01,  2.2482e-01,  2.1670e-01,  2.0889e-01,
            1.5079e-01,  9.6031e-02,  1.7904e-01,  2.9182e-01,  2.8899e-01,
            3.5474e-01,  3.8180e-01,  5.6344e-01],
          [ 4.7257e-01,  2.1010e-01, -1.7990e-03, -1.6026e-01, -3.6654e-01,
           -3.3837e-01, -2.3084e-01, -2.7909e-01, -9.1284e-02,  9.5423e-02,
            2.0831e-01,  3.6352e-01,  6.6510e-01],
          [ 5.0831e-01,  2.5397e-01,  1.4290e-01, -2.7613e-03, -3.2204e-02,
           -1.5472e-01, -2.0800e-01, -1.8432e-01, -6.4704e-02,  1.6421e-01,
            2.1609e-01,  3.2433e-01,  6.3869e-01],
          [ 6.2298e-01,  4.0686e-01,  3.6300e-01,  3.0125e-01,  2.0231e-01,
            7.2179e-02, -7.0970e-02, -1.2415e-01, -8.4281e-02,  1.1407e-01,
            2.6717e-01,  4.7417e-01,  7.9508e-01],
          [ 7.0014e-01,  5.3346e-01,  2.5120e-01,  7.1696e-02, -1.6135e-01,
           -3.2799e-01, -5.1553e-01, -4.8884e-01, -3.2326e-01, -6.0149e-03,
            4.2013e-01,  5.6551e-01,  8.4286e-01],
          [ 6.0549e-01,  3.3891e-01,  1.0438e-01, -8.8406e-02, -1.7297e-01,
           -3.2177e-01, -5.6114e-01, -5.0902e-01, -3.0391e-01, -3.6500e-02,
            5.7952e-01,  7.2578e-01,  9.5453e-01],
          [ 5.6287e-01,  2.7969e-01, -1.0016e-01, -2.5892e-01, -4.2131e-01,
           -2.7567e-01, -3.2528e-01, -2.3296e-02,  1.4943e-01,  3.1585e-01,
            6.7297e-01,  7.0918e-01,  8.5195e-01],
          [ 4.9051e-01,  3.1247e-01,  4.7794e-02, -1.5627e-01, -1.5919e-01,
           -5.8831e-03,  1.3725e-01,  2.6680e-01,  2.7763e-01,  3.9569e-01,
            5.0283e-01,  6.3593e-01,  7.3805e-01],
          [ 4.9113e-01,  3.5175e-01,  7.5983e-02, -3.2608e-02,  1.6721e-02,
            7.8783e-02,  1.5752e-01,  1.1993e-01,  6.8759e-02,  1.3451e-01,
            2.7625e-01,  3.0648e-01,  5.2574e-01],
          [ 5.4591e-01,  3.5987e-01,  9.9419e-04, -1.1834e-01, -1.6300e-01,
           -1.5596e-01, -1.4175e-01, -1.9614e-01, -4.4701e-02, -2.7595e-02,
            1.5391e-01,  2.2022e-01,  4.3300e-01],
          [ 3.6622e-01,  1.5763e-01, -6.4360e-02, -1.4405e-01, -1.8990e-01,
           -1.8883e-01, -8.2335e-02, -1.0650e-01, -4.9353e-02, -1.1500e-02,
            1.8676e-01,  3.3178e-01,  5.5337e-01],
          [ 4.4018e-01,  4.2127e-01,  1.8176e-01,  2.1375e-01,  1.7514e-01,
            1.5164e-01,  1.3331e-01,  2.2275e-01,  2.3290e-01,  2.7343e-01,
            4.1685e-01,  4.6254e-01,  5.3866e-01]],

         [[-2.2164e-01, -1.5487e-01, -1.0631e-01, -1.4820e-01, -9.4384e-02,
           -6.8118e-02, -1.0992e-01, -1.8482e-02, -7.9166e-02, -7.9178e-02,
           -1.0318e-01, -2.3918e-01, -3.3556e-01],
          [-1.5549e-01, -1.0673e-01,  1.0369e-01,  9.0335e-02,  1.1125e-01,
            2.2492e-01,  2.5416e-01,  3.6660e-01,  2.4791e-01,  1.6903e-01,
            3.9542e-02, -1.3062e-01, -3.8772e-01],
          [-4.6435e-01, -3.0510e-01, -5.9053e-02, -1.8230e-01, -1.4589e-01,
            1.4428e-01,  1.0619e-01,  2.0925e-01, -5.2409e-02, -2.7231e-01,
           -2.9839e-01, -3.8493e-01, -6.5149e-01],
          [-5.0676e-01, -3.1689e-01, -1.7093e-01, -7.6238e-02, -1.0873e-01,
            1.0930e-01,  1.8928e-01,  1.6198e-01, -1.2409e-01, -3.7759e-01,
           -4.6759e-01, -4.4551e-01, -7.4619e-01],
          [-6.1340e-01, -4.6396e-01, -2.4244e-01, -1.9221e-01, -1.3074e-01,
           -7.6187e-02,  1.3299e-01,  1.2585e-01, -1.3029e-01, -3.8517e-01,
           -5.1319e-01, -4.6984e-01, -8.0852e-01],
          [-6.7086e-01, -5.4777e-01, -2.4736e-01, -1.1487e-01, -1.0120e-01,
           -3.7671e-02,  1.2911e-02,  6.6318e-02, -2.1929e-01, -3.8847e-01,
           -5.1447e-01, -5.2066e-01, -8.6231e-01],
          [-7.2214e-01, -5.1651e-01, -2.2183e-01,  6.7327e-02,  4.1897e-03,
           -7.0746e-02, -6.6801e-02, -4.8350e-02, -2.5870e-01, -3.8646e-01,
           -4.1659e-01, -6.0121e-01, -9.0712e-01],
          [-6.5997e-01, -4.7710e-01, -1.6477e-01,  8.5467e-02,  5.8375e-02,
           -2.9126e-02,  5.6367e-02, -1.2549e-01, -2.2330e-01, -2.2581e-01,
           -2.4726e-01, -6.5720e-01, -9.1433e-01],
          [-4.6279e-01, -3.5384e-01, -1.0934e-01,  1.7808e-01,  2.2409e-01,
            1.6987e-01,  2.7984e-01,  5.4335e-02, -5.1927e-02, -5.9593e-02,
           -7.1790e-02, -5.5908e-01, -8.8939e-01],
          [-4.6937e-01, -2.8789e-01, -9.5234e-04,  2.3113e-01,  3.1651e-01,
            2.5688e-01,  2.7410e-01,  1.5560e-01,  1.3907e-01,  3.2501e-01,
            4.7253e-02, -3.8868e-01, -7.1160e-01],
          [-4.8039e-01, -2.9516e-01,  7.9663e-02,  3.1710e-01,  3.6438e-01,
            2.9263e-01,  3.1056e-01,  1.8261e-01,  1.2820e-01,  2.9138e-01,
            3.6536e-03, -2.7457e-01, -5.7091e-01],
          [-1.7462e-01,  8.0695e-03,  3.0872e-01,  5.1210e-01,  4.9929e-01,
            4.8611e-01,  5.5416e-01,  4.7423e-01,  3.3837e-01,  2.1446e-01,
           -6.4594e-03, -2.8270e-01, -4.3993e-01],
          [-1.7609e-01, -5.5515e-02,  3.7398e-02,  5.7018e-02,  1.0572e-01,
            1.3521e-01,  1.8829e-01,  8.4892e-02,  5.6626e-03, -5.5550e-02,
           -1.2518e-01, -2.4793e-01, -3.6347e-01]],

         [[-1.2821e+01, -1.5242e+01, -1.4254e+01, -1.3508e+01, -1.3373e+01,
           -1.2919e+01, -1.3416e+01, -1.3469e+01, -1.3669e+01, -1.3255e+01,
           -1.2597e+01, -1.3800e+01, -1.2202e+01],
          [-1.2392e+01, -1.5056e+01, -1.5212e+01, -1.5595e+01, -1.6109e+01,
           -1.6317e+01, -1.5383e+01, -1.4095e+01, -1.5779e+01, -1.4050e+01,
           -1.4769e+01, -1.5157e+01, -1.3953e+01],
          [-1.2861e+01, -1.4086e+01, -1.1710e+01, -1.0254e+01, -1.2279e+01,
           -1.6772e+01, -1.8377e+01, -1.4972e+01, -1.5298e+01, -1.6174e+01,
           -1.7648e+01, -1.6113e+01, -1.4676e+01],
          [-1.3754e+01, -1.3484e+01, -1.1201e+01, -1.0717e+01, -1.6557e+01,
           -1.9951e+01, -1.9546e+01, -1.5344e+01, -1.3232e+01, -1.3022e+01,
           -1.5237e+01, -1.5263e+01, -1.3970e+01],
          [-1.2660e+01, -1.3637e+01, -1.2382e+01, -1.0507e+01, -1.5152e+01,
           -2.0700e+01, -1.8754e+01, -1.7239e+01, -1.4019e+01, -1.1975e+01,
           -1.3398e+01, -1.3910e+01, -1.3534e+01],
          [-1.3043e+01, -1.1203e+01, -1.2067e+01, -1.2400e+01, -1.6186e+01,
           -1.7946e+01, -1.8393e+01, -1.7013e+01, -1.3934e+01, -1.0143e+01,
           -1.1478e+01, -1.3002e+01, -1.3932e+01],
          [-1.4297e+01, -1.3094e+01, -1.2899e+01, -1.1581e+01, -9.8186e+00,
           -1.3682e+01, -1.6628e+01, -1.8211e+01, -1.4041e+01, -8.5599e+00,
           -1.0788e+01, -1.3499e+01, -1.4466e+01],
          [-1.4829e+01, -1.4387e+01, -1.2465e+01, -8.4622e+00, -6.4231e+00,
           -1.0292e+01, -1.4091e+01, -1.6405e+01, -1.5418e+01, -9.3469e+00,
           -1.0608e+01, -1.2322e+01, -1.2962e+01],
          [-1.5626e+01, -1.3838e+01, -9.5065e+00, -7.0552e+00, -3.2304e+00,
           -4.6025e+00, -4.4185e+00, -5.2722e+00, -6.6322e+00, -8.9413e+00,
           -1.1183e+01, -1.2333e+01, -1.2463e+01],
          [-1.4930e+01, -1.4036e+01, -1.0618e+01, -1.2587e+01, -8.9463e+00,
           -3.6632e+00, -1.1855e+00, -1.7877e+00, -5.2142e+00, -8.3577e+00,
           -1.0742e+01, -1.0689e+01, -1.2023e+01],
          [-1.2748e+01, -1.4451e+01, -1.3517e+01, -1.5686e+01, -1.4408e+01,
           -1.0839e+01, -9.4562e+00, -9.9179e+00, -1.1478e+01, -1.4016e+01,
           -1.4630e+01, -1.4515e+01, -1.3764e+01],
          [-1.3356e+01, -1.5493e+01, -1.6438e+01, -1.7479e+01, -1.5280e+01,
           -1.3284e+01, -1.3816e+01, -1.5335e+01, -1.4548e+01, -1.6354e+01,
           -1.7414e+01, -1.5281e+01, -1.3051e+01],
          [-1.2232e+01, -1.4618e+01, -1.5316e+01, -1.4790e+01, -1.3905e+01,
           -1.3272e+01, -1.3402e+01, -1.3216e+01, -1.2576e+01, -1.3341e+01,
           -1.4204e+01, -1.2649e+01, -1.1028e+01]],

         [[ 4.0040e+00,  4.1296e+00,  4.0965e+00,  4.2083e+00,  4.3336e+00,
            4.1862e+00,  4.3213e+00,  4.5814e+00,  5.1456e+00,  4.8291e+00,
            4.1866e+00,  3.3992e+00,  3.1021e+00],
          [ 3.5398e+00,  4.2065e+00,  5.1268e+00,  5.1379e+00,  4.4616e+00,
            5.3093e+00,  5.1173e+00,  5.6849e+00,  6.4710e+00,  6.7241e+00,
            5.2410e+00,  4.1242e+00,  3.4182e+00],
          [ 3.7285e+00,  3.6726e+00,  4.2202e+00,  5.1236e+00,  6.2633e+00,
            6.9183e+00,  7.4273e+00,  6.6221e+00,  7.8131e+00,  7.7356e+00,
            7.0400e+00,  5.3518e+00,  4.1280e+00],
          [ 4.2385e+00,  4.4445e+00,  4.9516e+00,  5.6897e+00,  7.6882e+00,
            7.9483e+00,  7.9304e+00,  7.7740e+00,  9.4303e+00,  8.5457e+00,
            7.1098e+00,  5.4343e+00,  4.1927e+00],
          [ 4.2277e+00,  4.5689e+00,  5.1160e+00,  5.6616e+00,  6.3221e+00,
            7.4880e+00,  7.8853e+00,  8.9425e+00,  1.0595e+01,  9.1975e+00,
            7.4336e+00,  5.3644e+00,  4.1315e+00],
          [ 4.0240e+00,  4.0563e+00,  4.7360e+00,  5.1774e+00,  7.5948e+00,
            8.5756e+00,  9.9224e+00,  1.0626e+01,  1.1172e+01,  9.3610e+00,
            7.0558e+00,  4.9960e+00,  4.0746e+00],
          [ 4.4773e+00,  4.4194e+00,  5.1195e+00,  5.7525e+00,  6.4999e+00,
            9.0853e+00,  9.7791e+00,  1.1038e+01,  1.0901e+01,  9.2291e+00,
            7.1615e+00,  5.4764e+00,  4.5230e+00],
          [ 4.8541e+00,  4.7915e+00,  4.8606e+00,  6.0606e+00,  8.1184e+00,
            9.2056e+00,  1.0226e+01,  1.0130e+01,  1.0225e+01,  7.7569e+00,
            6.8332e+00,  5.7128e+00,  4.6805e+00],
          [ 5.1402e+00,  4.9005e+00,  4.8641e+00,  6.2148e+00,  8.2917e+00,
            1.0212e+01,  1.0645e+01,  1.0162e+01,  9.6484e+00,  8.0273e+00,
            7.2795e+00,  6.0100e+00,  4.9728e+00],
          [ 4.8544e+00,  4.8382e+00,  4.5370e+00,  6.1224e+00,  7.3611e+00,
            9.6164e+00,  9.8539e+00,  8.9706e+00,  9.5407e+00,  8.7933e+00,
            7.5869e+00,  6.1720e+00,  6.0052e+00],
          [ 4.1858e+00,  4.1822e+00,  4.5168e+00,  5.4072e+00,  5.7985e+00,
            6.7380e+00,  7.7612e+00,  7.2103e+00,  7.2065e+00,  8.0728e+00,
            7.4707e+00,  6.5310e+00,  5.6614e+00],
          [ 3.7335e+00,  4.0523e+00,  4.6235e+00,  5.0046e+00,  4.7281e+00,
            5.1012e+00,  5.9478e+00,  6.1349e+00,  5.7429e+00,  6.4589e+00,
            6.3887e+00,  5.6780e+00,  4.5810e+00],
          [ 3.2782e+00,  3.5554e+00,  3.6576e+00,  3.7917e+00,  3.6962e+00,
            3.9084e+00,  4.4063e+00,  3.9351e+00,  3.9990e+00,  4.2120e+00,
            4.1109e+00,  3.4736e+00,  2.9549e+00]],

         [[ 1.1213e-02,  1.2823e-01,  1.2345e-02,  8.1840e-02, -1.8537e-02,
           -7.7897e-02,  9.9587e-04, -5.2163e-02, -9.9752e-03, -2.2245e-02,
           -4.5861e-02,  5.5604e-03, -5.4944e-02],
          [-4.9531e-01, -3.3034e-01, -4.2129e-01, -7.7994e-01, -9.0243e-01,
           -8.9386e-01, -8.8873e-01, -9.0976e-01, -1.0986e+00, -9.0065e-01,
           -7.9381e-01, -7.1347e-01, -3.9468e-01],
          [-1.8312e-01,  1.1841e-01, -2.9061e-02, -4.4478e-02,  1.6637e-03,
           -1.5820e-01, -1.0399e-01,  9.2057e-02,  5.3018e-01,  5.7978e-01,
            2.2807e-01, -9.2772e-02, -1.0939e-01],
          [-1.2557e-01,  1.8404e-01,  3.8094e-03, -4.2800e-02,  5.4182e-02,
           -9.0994e-02,  5.7346e-02,  2.4307e-01,  7.8857e-01,  7.0105e-01,
            4.4943e-01,  5.6002e-02,  3.5006e-02],
          [ 3.9746e-02,  2.9316e-01,  1.2599e-01,  1.1066e-01,  1.5824e-01,
            1.4631e-01,  9.2863e-02,  6.2869e-01,  9.9183e-01,  1.0174e+00,
            7.8105e-01,  3.6450e-01,  1.8003e-01],
          [-3.4298e-01, -8.4031e-02, -1.3023e-01, -1.8249e-02, -9.2752e-02,
           -1.9652e-01, -3.2053e-01, -1.3580e-02,  3.1956e-01,  4.2039e-01,
            2.1727e-01,  5.4949e-02, -1.7511e-01],
          [-6.1985e-01, -4.9109e-01, -5.7990e-01, -1.0581e-01, -1.2526e-01,
           -2.3652e-01, -4.6316e-01, -5.3697e-01, -4.0605e-01, -3.1716e-01,
           -2.3481e-01, -2.3352e-01, -3.0797e-01],
          [-7.9627e-01, -7.0346e-01, -6.4967e-01, -4.8213e-01, -4.4614e-01,
           -6.0540e-01, -6.9852e-01, -7.5891e-01, -9.5879e-01, -9.8789e-01,
           -1.0108e+00, -6.8812e-01, -4.6877e-01],
          [-7.5309e-01, -5.7036e-01, -5.2743e-01, -6.6088e-01, -4.0760e-01,
           -7.3559e-01, -6.7120e-01, -8.9558e-01, -1.1584e+00, -1.1834e+00,
           -1.0452e+00, -1.1050e+00, -8.0190e-01],
          [-4.1244e-01, -5.4775e-01, -7.6312e-01, -1.1152e+00, -8.3581e-01,
           -6.3985e-01, -3.6359e-01, -4.8218e-01, -8.9062e-01, -1.0573e+00,
           -8.9916e-01, -6.3126e-01, -5.4647e-01],
          [-3.6061e-01, -3.3214e-01, -7.1562e-01, -8.8362e-01, -9.0781e-01,
           -1.1204e+00, -1.1469e+00, -1.2872e+00, -1.1545e+00, -7.8801e-01,
           -6.6731e-01, -5.5342e-01, -5.0321e-01],
          [ 3.5084e-01,  8.0952e-01,  6.5662e-01,  6.5949e-01,  7.9408e-01,
            7.2650e-01,  9.0630e-01,  7.1425e-01,  4.7550e-01,  2.8563e-01,
            1.8429e-01,  2.6652e-01,  2.3904e-02],
          [ 4.1114e-02,  1.8057e-01,  1.5566e-01,  1.9677e-01,  1.1866e-01,
            6.6383e-02, -5.1142e-02, -1.6131e-01, -2.7905e-01, -1.2809e-01,
           -4.6979e-02,  1.7188e-02,  2.2440e-03]],

         [[ 1.0393e+00,  1.1435e+00,  4.6400e-01,  4.9113e-01,  2.8418e-01,
            5.9115e-02,  8.6978e-02, -1.1951e-01, -2.0696e-01, -1.0072e-01,
           -2.5342e-01, -2.6540e-01,  2.9075e-01],
          [ 1.1053e+00,  1.3169e+00,  5.6999e-01,  8.9485e-01,  4.2090e-01,
            1.1585e-01, -2.2041e-01, -2.0509e-01, -6.0242e-01, -5.6934e-01,
           -7.3824e-01, -6.0373e-01,  3.5537e-02],
          [ 1.2133e+00,  1.4739e+00,  6.5647e-01,  5.8791e-01,  9.9012e-02,
            6.6348e-02, -5.4105e-01, -5.9090e-01, -7.2136e-01, -7.1210e-01,
           -5.8390e-01, -5.0509e-01,  1.3346e-01],
          [ 1.3136e+00,  1.4124e+00,  7.5576e-01,  5.0510e-01,  3.8661e-01,
            4.7873e-01, -4.4196e-01, -7.3445e-01, -1.2381e+00, -1.0792e+00,
           -7.6197e-01, -6.8184e-01,  1.3543e-01],
          [ 1.1036e+00,  1.2271e+00,  7.2690e-01,  5.2368e-01,  3.8690e-01,
            4.3031e-01,  2.4074e-02, -4.3033e-01, -1.1926e+00, -1.5122e+00,
           -9.5830e-01, -8.0782e-01,  8.4772e-02],
          [ 1.1972e+00,  1.1688e+00,  6.5659e-01,  7.8886e-01,  6.2195e-01,
            3.2020e-01,  2.1876e-02, -3.4022e-01, -1.0162e+00, -1.5100e+00,
           -1.1636e+00, -6.1385e-01,  6.4653e-02],
          [ 1.2441e+00,  1.2455e+00,  4.3380e-01,  8.5463e-01,  1.5639e-01,
           -1.8693e-01, -3.5898e-01, -5.0795e-01, -5.2488e-01, -6.3355e-01,
           -9.1567e-01, -5.7619e-01, -1.0227e-01],
          [ 1.5176e+00,  1.6161e+00,  7.0237e-01,  7.9005e-01,  3.3287e-01,
            2.0494e-01, -2.7962e-01, -3.6350e-01, -4.9970e-01, -3.0812e-01,
           -5.3750e-01, -7.9611e-01, -2.2806e-01],
          [ 1.6552e+00,  1.5727e+00,  7.8745e-01,  8.2783e-01,  4.3298e-01,
            1.8792e-01,  7.1467e-02, -1.6073e-01, -5.7919e-01, -6.8982e-01,
           -6.9485e-01, -1.1786e+00, -3.8770e-01],
          [ 1.4932e+00,  1.7308e+00,  1.0495e+00,  1.0962e+00,  9.1393e-01,
            4.7632e-01,  2.0124e-01,  1.1899e-01, -3.3140e-01, -7.3480e-01,
           -9.4538e-01, -1.5365e+00, -5.6400e-01],
          [ 1.1834e+00,  1.3549e+00,  1.0352e+00,  1.1196e+00,  7.7638e-01,
            3.4148e-01,  2.2106e-02,  9.5997e-02, -4.9791e-01, -9.3749e-01,
           -9.2659e-01, -1.3437e+00, -4.3420e-01],
          [ 1.1441e+00,  9.9308e-01,  6.6611e-01,  8.9621e-01,  6.8653e-01,
            1.7727e-01, -6.9428e-03, -9.5579e-03, -6.6866e-01, -1.0517e+00,
           -1.2660e+00, -1.3175e+00, -4.8905e-01],
          [ 1.1727e+00,  9.7695e-01,  8.3141e-01,  9.7732e-01,  1.0737e+00,
            7.6981e-01,  5.3197e-01,  4.4954e-01, -1.5560e-01, -1.8309e-01,
           -2.5932e-01, -3.1011e-01,  1.0370e-01]],

         [[-1.0623e-01, -1.0900e-01, -1.2884e-01, -1.9649e-01, -1.7576e-01,
           -1.7793e-01, -1.2887e-01, -1.5233e-01, -1.1406e-01, -1.1693e-01,
           -8.1062e-02, -7.9239e-02, -1.2455e-01],
          [-1.2817e-01, -1.7210e-01, -1.7930e-01, -2.4358e-01, -1.9750e-01,
           -2.6403e-01, -2.5517e-01, -2.6378e-01, -2.4288e-01, -2.9434e-01,
           -1.1870e-01, -9.3912e-02, -2.1280e-01],
          [-1.8664e-01, -2.2042e-01, -2.7078e-01, -3.0548e-01, -2.5618e-01,
           -3.2289e-01, -3.0658e-01, -2.3742e-01, -3.0211e-01, -2.3378e-01,
           -1.9163e-01, -1.1238e-01, -1.9585e-01],
          [-2.4188e-01, -2.7096e-01, -3.3868e-01, -3.2081e-01, -2.4706e-01,
           -2.2536e-01, -1.8654e-01, -2.0947e-01, -2.9608e-01, -2.6835e-01,
           -8.5038e-02, -7.5888e-02, -1.4608e-01],
          [-8.0292e-02, -1.2160e-01, -1.8734e-01, -2.1475e-01, -6.6679e-02,
           -5.8191e-03, -8.3985e-02, -1.8596e-01, -2.4342e-01, -2.4103e-01,
            1.5679e-02,  1.3632e-02, -7.9395e-02],
          [-1.6872e-02, -1.1985e-01, -9.5534e-02, -5.6022e-02,  1.0946e-02,
            6.9548e-02,  9.2962e-02, -3.6266e-02, -1.1366e-01, -1.6771e-01,
            5.0591e-02,  4.9666e-02,  8.7137e-03],
          [-4.2343e-02, -1.0596e-01, -4.3998e-02, -9.3553e-02, -5.4569e-02,
           -5.3992e-02,  1.4314e-01,  5.4160e-02, -6.9546e-02, -4.9300e-02,
            9.4583e-02,  1.0512e-01, -1.6289e-02],
          [-9.3900e-02, -1.7567e-01, -1.3472e-01, -1.7330e-01, -1.7030e-01,
           -2.3086e-01, -2.2139e-01, -1.1066e-01, -1.2768e-01, -1.2036e-01,
           -7.2024e-02, -2.2201e-02, -5.2394e-02],
          [-2.2660e-01, -2.3036e-01, -2.2723e-01, -3.0988e-01, -4.4593e-01,
           -4.6925e-01, -5.3569e-01, -4.0986e-01, -4.6251e-01, -3.8599e-01,
           -2.2786e-01, -1.3538e-01, -1.4514e-01],
          [-1.9813e-01, -2.7029e-01, -2.7011e-01, -3.6098e-01, -5.4624e-01,
           -5.8464e-01, -6.4724e-01, -6.2875e-01, -6.6751e-01, -5.9858e-01,
           -4.1125e-01, -2.7122e-01, -2.8851e-01],
          [-2.0772e-01, -2.5156e-01, -2.8145e-01, -3.0622e-01, -3.8027e-01,
           -5.2505e-01, -6.4200e-01, -5.7798e-01, -5.6567e-01, -5.0772e-01,
           -3.1812e-01, -2.7083e-01, -2.2648e-01],
          [-3.5811e-02, -7.7213e-03, -6.3947e-02, -6.1125e-02, -3.6667e-02,
           -5.7480e-02, -1.0891e-01, -1.3656e-01, -1.6165e-01, -1.4470e-01,
           -5.6401e-02, -1.0407e-01, -2.1975e-01],
          [-1.0949e-01, -7.9926e-02, -7.6749e-02, -9.1892e-02, -1.4091e-01,
           -1.8518e-01, -1.9513e-01, -1.9459e-01, -2.1599e-01, -2.4227e-01,
           -2.0244e-01, -1.7427e-01, -1.4655e-01]],

         [[-5.9917e-01, -6.0486e-01, -6.1553e-01, -7.6648e-01, -6.4628e-01,
           -5.4580e-01, -5.6330e-01, -5.6946e-01, -6.0066e-01, -5.3923e-01,
           -5.7878e-01, -6.8861e-01, -7.0155e-01],
          [-3.8299e-01, -4.4147e-01, -4.2648e-01, -4.7620e-01, -3.4187e-01,
           -1.6686e-01, -1.4622e-01, -2.0996e-01, -2.3363e-01, -2.4978e-01,
           -3.7236e-01, -5.1408e-01, -5.6844e-01],
          [-5.6370e-01, -5.9585e-01, -4.6272e-01, -4.3185e-01, -3.2990e-01,
           -1.9571e-01, -4.9910e-02, -4.2410e-02, -2.0980e-01, -3.9397e-01,
           -5.6751e-01, -6.1656e-01, -6.3208e-01],
          [-6.3524e-01, -5.8835e-01, -4.1287e-01, -2.6368e-01, -2.5021e-01,
           -8.8778e-02,  8.1387e-03, -2.8420e-02, -1.9941e-01, -4.5489e-01,
           -6.0453e-01, -5.5278e-01, -6.0846e-01],
          [-6.7325e-01, -6.6952e-01, -5.2669e-01, -5.4697e-01, -3.2373e-01,
           -1.9882e-01, -2.8297e-02, -7.5815e-02, -2.4751e-01, -5.0462e-01,
           -6.5602e-01, -6.6318e-01, -7.2714e-01],
          [-7.0275e-01, -8.0678e-01, -6.5448e-01, -4.6170e-01, -2.9679e-01,
           -6.2079e-02, -1.4124e-01, -8.2798e-02, -2.8862e-01, -5.8157e-01,
           -7.1501e-01, -7.2228e-01, -8.4170e-01],
          [-6.7644e-01, -7.4602e-01, -5.3441e-01, -3.2579e-01, -2.6763e-01,
           -1.4025e-01, -1.7850e-01, -2.2265e-01, -3.7397e-01, -6.4048e-01,
           -8.7364e-01, -9.3187e-01, -9.1804e-01],
          [-5.7180e-01, -6.5305e-01, -3.8530e-01, -1.9696e-01, -1.7259e-01,
           -5.3730e-02, -9.0600e-02, -2.0125e-01, -4.4098e-01, -5.9721e-01,
           -8.3926e-01, -9.9281e-01, -9.1319e-01],
          [-4.5475e-01, -5.3673e-01, -4.0372e-01, -1.3755e-01, -2.0785e-01,
           -1.6476e-01, -2.1307e-01, -2.4198e-01, -4.7641e-01, -5.1369e-01,
           -5.7715e-01, -8.4381e-01, -7.6941e-01],
          [-4.4766e-01, -5.0832e-01, -2.8025e-01, -2.6545e-02, -8.9204e-02,
           -1.4672e-01, -1.6574e-01, -1.9328e-01, -2.2871e-01, -1.9757e-01,
           -3.3288e-01, -5.8682e-01, -6.9730e-01],
          [-5.3648e-01, -5.0851e-01, -2.9840e-01, -4.5135e-02, -9.7388e-03,
           -1.3441e-02, -9.1113e-02, -1.1169e-01, -1.3517e-01, -1.6714e-01,
           -3.5022e-01, -4.6002e-01, -6.0548e-01],
          [-4.1949e-01, -2.8926e-01, -1.0322e-01,  1.0124e-01,  7.1710e-02,
            9.2922e-02,  9.6556e-02,  1.0749e-01,  1.1516e-02, -1.3011e-01,
           -2.3306e-01, -3.4976e-01, -5.1052e-01],
          [-5.9543e-01, -5.5134e-01, -4.4434e-01, -3.8849e-01, -2.9889e-01,
           -2.4017e-01, -2.8996e-01, -3.8818e-01, -4.1873e-01, -4.1038e-01,
           -3.9825e-01, -4.5542e-01, -5.9017e-01]],

         [[-1.2698e+01, -1.4330e+01, -1.3618e+01, -1.3126e+01, -1.2728e+01,
           -1.1683e+01, -1.1992e+01, -1.1857e+01, -1.2201e+01, -1.1836e+01,
           -1.2064e+01, -1.3452e+01, -1.2102e+01],
          [-1.2545e+01, -1.4286e+01, -1.4669e+01, -1.6157e+01, -1.5320e+01,
           -1.4600e+01, -1.3601e+01, -1.1554e+01, -1.3432e+01, -1.2416e+01,
           -1.3848e+01, -1.5370e+01, -1.4113e+01],
          [-1.4079e+01, -1.4406e+01, -1.2078e+01, -1.2751e+01, -1.4666e+01,
           -1.6970e+01, -1.8333e+01, -1.4535e+01, -1.6404e+01, -1.6152e+01,
           -1.7587e+01, -1.6629e+01, -1.5051e+01],
          [-1.4606e+01, -1.4441e+01, -1.3108e+01, -1.4280e+01, -1.8554e+01,
           -2.0165e+01, -1.8313e+01, -1.5144e+01, -1.6551e+01, -1.5639e+01,
           -1.5314e+01, -1.5281e+01, -1.4496e+01],
          [-1.3916e+01, -1.3718e+01, -1.3424e+01, -1.2048e+01, -1.4785e+01,
           -1.8398e+01, -1.7221e+01, -1.7123e+01, -1.7658e+01, -1.5944e+01,
           -1.4146e+01, -1.3801e+01, -1.3830e+01],
          [-1.3883e+01, -1.1722e+01, -1.2980e+01, -1.3060e+01, -1.6409e+01,
           -1.7024e+01, -1.9104e+01, -1.8444e+01, -1.7775e+01, -1.4631e+01,
           -1.2458e+01, -1.2984e+01, -1.3993e+01],
          [-1.5056e+01, -1.3885e+01, -1.2848e+01, -1.2204e+01, -1.1253e+01,
           -1.4104e+01, -1.6437e+01, -1.8350e+01, -1.7190e+01, -1.3107e+01,
           -1.2025e+01, -1.3747e+01, -1.4847e+01],
          [-1.5969e+01, -1.4764e+01, -1.2471e+01, -1.1279e+01, -1.1972e+01,
           -1.2333e+01, -1.4912e+01, -1.6366e+01, -1.6827e+01, -1.1823e+01,
           -1.1637e+01, -1.3612e+01, -1.4513e+01],
          [-1.5995e+01, -1.3793e+01, -1.0664e+01, -9.6388e+00, -8.6145e+00,
           -8.3007e+00, -7.4059e+00, -9.1317e+00, -1.0376e+01, -1.1607e+01,
           -1.2726e+01, -1.3958e+01, -1.4227e+01],
          [-1.5357e+01, -1.3632e+01, -1.1144e+01, -1.3036e+01, -1.1094e+01,
           -7.8505e+00, -5.4759e+00, -7.4609e+00, -1.1487e+01, -1.1847e+01,
           -1.3835e+01, -1.3715e+01, -1.4084e+01],
          [-1.3715e+01, -1.4448e+01, -1.3751e+01, -1.4587e+01, -1.2690e+01,
           -9.6780e+00, -9.8381e+00, -1.1693e+01, -1.3689e+01, -1.5192e+01,
           -1.5971e+01, -1.6080e+01, -1.4995e+01],
          [-1.3560e+01, -1.4418e+01, -1.5515e+01, -1.6111e+01, -1.3062e+01,
           -1.0087e+01, -9.6092e+00, -1.1714e+01, -1.2452e+01, -1.5505e+01,
           -1.6886e+01, -1.5944e+01, -1.4113e+01],
          [-1.2478e+01, -1.4308e+01, -1.4607e+01, -1.4173e+01, -1.2767e+01,
           -1.1834e+01, -1.1489e+01, -1.1937e+01, -1.2172e+01, -1.3734e+01,
           -1.4262e+01, -1.3379e+01, -1.1339e+01]],

         [[ 3.2520e+00,  3.9913e+00,  3.8030e+00,  3.7802e+00,  3.8634e+00,
            3.9464e+00,  4.1664e+00,  4.5436e+00,  4.9210e+00,  4.6463e+00,
            3.6195e+00,  2.6344e+00,  2.0810e+00],
          [ 2.7508e+00,  3.9525e+00,  4.6649e+00,  4.1771e+00,  3.7262e+00,
            4.9310e+00,  4.8788e+00,  5.7748e+00,  6.2708e+00,  6.3046e+00,
            4.5144e+00,  3.0340e+00,  2.2815e+00],
          [ 2.2487e+00,  2.6743e+00,  3.0156e+00,  2.9174e+00,  3.6708e+00,
            5.1149e+00,  5.6004e+00,  5.0609e+00,  5.2390e+00,  5.5806e+00,
            5.0660e+00,  3.5593e+00,  2.4637e+00],
          [ 2.6436e+00,  2.9986e+00,  3.0735e+00,  3.1592e+00,  4.9035e+00,
            5.8184e+00,  6.2479e+00,  5.9115e+00,  5.7726e+00,  5.1817e+00,
            4.7835e+00,  3.7071e+00,  2.4408e+00],
          [ 2.5114e+00,  3.2596e+00,  3.4287e+00,  3.7534e+00,  4.5611e+00,
            6.0607e+00,  6.2058e+00,  6.8333e+00,  6.6086e+00,  5.1437e+00,
            4.6624e+00,  3.6176e+00,  2.5142e+00],
          [ 2.4057e+00,  2.7155e+00,  3.1227e+00,  3.5962e+00,  5.3043e+00,
            6.4426e+00,  6.7362e+00,  7.1444e+00,  6.6985e+00,  5.0571e+00,
            4.3312e+00,  3.2937e+00,  2.5329e+00],
          [ 2.7364e+00,  2.8894e+00,  3.6092e+00,  4.1226e+00,  4.2793e+00,
            6.4268e+00,  6.8013e+00,  7.6791e+00,  6.5336e+00,  5.1423e+00,
            4.6855e+00,  3.7126e+00,  2.8560e+00],
          [ 2.9384e+00,  3.3144e+00,  3.5137e+00,  3.8624e+00,  4.6343e+00,
            6.3358e+00,  7.1750e+00,  7.1319e+00,  6.7107e+00,  4.9781e+00,
            4.8019e+00,  3.5129e+00,  2.6487e+00],
          [ 3.2504e+00,  3.5293e+00,  3.3692e+00,  4.3897e+00,  5.3578e+00,
            7.2075e+00,  8.0298e+00,  7.0702e+00,  6.2589e+00,  5.4428e+00,
            5.2682e+00,  3.8808e+00,  2.8301e+00],
          [ 3.0556e+00,  3.6831e+00,  3.3798e+00,  4.8171e+00,  5.4409e+00,
            6.7174e+00,  7.2966e+00,  6.0674e+00,  5.9156e+00,  6.2160e+00,
            5.2529e+00,  3.8021e+00,  3.4832e+00],
          [ 2.4619e+00,  2.9698e+00,  3.3054e+00,  4.5597e+00,  5.3468e+00,
            6.1625e+00,  6.7019e+00,  5.4408e+00,  5.0359e+00,  6.3374e+00,
            5.6053e+00,  4.3579e+00,  3.4625e+00],
          [ 2.9428e+00,  4.0386e+00,  4.3937e+00,  4.7971e+00,  4.9772e+00,
            5.7735e+00,  6.9642e+00,  6.8473e+00,  5.7698e+00,  5.8148e+00,
            5.5911e+00,  4.3905e+00,  3.0205e+00],
          [ 2.4371e+00,  3.0827e+00,  3.2778e+00,  3.3739e+00,  3.4521e+00,
            3.8206e+00,  4.6570e+00,  3.9450e+00,  3.5747e+00,  3.4117e+00,
            3.3992e+00,  2.4274e+00,  1.8727e+00]]]])